1 2
1 2
2 1
3 1
4 1
5 4
6 2
7 3
8 3
1000 71
1001 57
1002 45
1003 35
1004 30
1005 31
1006 43
1007 47
1008 33
1009 45
1010 35
1011 35
1012 39
1013 46
1014 32
1015 29
1016 35
1017 34
1018 27
1019 27
1020 24
1021 29
1022 25
1023 23
1024 31
1025 37
1026 32
1027 29
1028 28
1029 31
1030 32
1031 31
1032 27
1033 33
1034 37
1035 23
1036 31
1037 24
1038 34
1039 26
1040 24
1041 26
1042 28
1043 25
1044 39
1045 24
1046 35
1047 26
1048 33
1049 42
1050 24
1051 24
1052 25
1053 27
1054 30
1055 24
1056 43
1057 36
1058 46
1059 30
1060 27
1061 24
1062 38
1063 29
1064 34
1065 25
1066 32
1067 27
1068 28
1069 27
1070 50
1071 24
1072 29
1073 26
1074 28
1075 40
1076 41
1077 30
1078 25
1079 25
1080 25
1081 27
1082 37
1083 27
1084 50
1085 34
1086 28
1087 28
1088 28
1089 33
1090 38
1091 32
1092 27
1093 23
1094 37
1095 27
1096 51
1097 29
1098 29
1099 30
1100 36
1101 26
1102 25
1103 27
1104 38
1105 32
1106 29
1107 30
1108 26
1109 29
1110 40
1111 29
1112 39
1113 36
1114 25
1115 29
1116 37
1117 29
1118 25
1119 27
1120 27
1121 26
1122 31
1123 27
1124 30
1125 47
1126 40
1127 31
1128 34
1129 33
1130 46
1131 27
1132 26
1133 46
1134 55
1135 30
1136 35
1137 38
1138 27
1139 38
1140 29
1141 37
1142 26
1143 32
1144 43
1145 41
1146 29
1147 31
1148 26
1149 37
1150 40
1151 44
1152 29
1153 32
1154 47
1155 24
1156 31
1157 26
1158 30
1159 30
1160 27
1161 32
1162 30
1163 33
1164 28
1165 28
1166 44
1167 35
1168 32
1169 42
1170 28
1171 28
1172 31
1173 28
1174 48
1175 30
1176 37
1177 38
1178 40
1179 36
1180 48
1181 46
1182 30
1183 27
1184 36
1185 27
1186 37
1187 31
1188 40
1189 40
1190 50
1191 29
1192 32
1193 51
1194 32
1195 31
1196 41
1197 31
1198 30
1199 40
1200 35
1201 31
1202 32
1203 28
1204 39
1205 49
1206 42
1207 34
1208 38
1209 41
1210 33
1211 33
1212 44
1213 31
1214 28
1215 31
1216 28
1217 38
1218 39
1219 30
1220 33
1221 29
1222 35
1223 33
1224 37
1225 32
1226 31
1227 35
1228 36
1229 41
1230 48
1231 32
1232 52
1233 36
1234 40
1235 30
1236 38
1237 41
1238 35
1239 39
1240 29
1241 55
1242 30
1243 43
1244 35
1245 32
1246 34
1247 30
1248 31
1249 34
1250 34
1251 54
1252 41
1253 54
1254 32
1255 29
1256 32
1257 42
1258 31
1259 35
1260 35
1261 30
1262 57
1263 32
1264 44
1265 30
1266 30
1267 39
1268 38
1269 45
1270 29
1271 39
1272 44
1273 45
1274 32
1275 56
1276 42
1277 33
1278 37
1279 31
1280 38
1281 31
1282 34
1283 34
1284 47
1285 31
1286 37
1287 35
1288 43
1289 33
1290 29
1291 34
1292 30
1293 31
1294 37
1295 32
1296 37
1297 40
1298 57
1299 34
1300 35
1301 43
1302 31
1303 47
1304 33
1305 51
1306 43
1307 42
1308 44
1309 30
1310 37
1311 34
1312 35
1313 34
1314 50
1315 33
1316 33
1317 33
1318 49
1319 40
1320 36
1321 33
1322 32
1323 33
1324 36
1325 47
1326 34
1327 54
1328 44
1329 50
1330 41
1331 33
1332 32
1333 57
1334 31
1335 31
1336 33
1337 43
1338 38
1339 38
1340 39
1341 31
1342 33
1343 35
1344 56
1345 35
1346 35
1347 35
1348 32
1349 35
1350 48
1351 36
1352 39
1353 51
1354 53
1355 31
1356 34
1357 50
1358 31
1359 40
1360 33
1361 44
1362 33
1363 34
1364 33
1365 45
1366 35
1367 46
1368 39
1369 43
1370 38
1371 35
1372 45
1373 39
1374 46
1375 36
1376 44
1377 35
1378 61
1379 42
1380 45
1381 40
1382 52
1383 43
1384 37
1385 33
1386 43
1387 41
1388 40
1389 49
1390 32
1391 51
1392 42
1393 47
1394 39
1395 48
1396 39
1397 32
1398 34
1399 44
1400 40
1401 45
1402 36
1403 28
1404 40
1405 32
1406 43
1407 33
1408 54
1409 60
1410 37
1411 57
1412 49
1413 41
1414 34
1415 42
1416 46
1417 41
1418 49
1419 36
1420 36
1421 57
1422 47
1423 45
1424 44
1425 44
1426 37
1427 39
1428 39
1429 46
1430 36
1431 33
1432 34
1433 42
1434 55
1435 35
1436 58
1437 32
1438 52
1439 35
1440 42
1441 35
1442 34
1443 48
1444 39
1445 43
1446 37
1447 47
1448 36
1449 37
1450 38
1451 37
1452 35
1453 42
1454 55
1455 47
1456 32
1457 69
1458 37
1459 40
1460 44
1461 40
1462 40
1463 44
1464 40
1465 37
1466 38
1467 34
1468 70
1469 34
1470 49
1471 57
1472 39
1473 46
1474 50
1475 59
1476 47
1477 34
1478 40
1479 41
1480 39
1481 35
1482 35
1483 59
1484 47
1485 45
1486 36
1487 65
1488 45
1489 41
1490 36
1491 37
1492 49
1493 39
1494 43
1495 36
1496 40
1497 38
1498 43
1499 66
1500 35
1501 41
1502 42
1503 57
1504 50
1505 42
1506 37
1507 53
1508 48
1509 48
1510 37
1511 53
1512 34
1513 38
1514 44
1515 37
1516 39
1517 36
1518 68
1519 42
1520 37
1521 38
1522 48
1523 43
1524 57
1525 46
1526 61
1527 37
1528 44
1529 39
1530 53
1531 37
1532 44
1533 40
1534 53
1535 53
1536 38
1537 44
1538 47
1539 41
1540 44
1541 38
1542 42
1543 45
1544 50
1545 50
1546 42
1547 37
1548 54
1549 51
1550 36
1551 39
1552 46
1553 37
1554 52
1555 40
1556 49
1557 41
1558 45
1559 50
1560 53
1561 37
1562 36
1563 48
1564 50
1565 42
1566 64
1567 64
1568 60
1569 37
1570 40
1571 37
1572 46
1573 40
1574 37
1575 57
1576 40
1577 41
1578 42
1579 46
1580 42
1581 43
1582 39
1583 43
1584 40
1585 58
1586 45
1587 44
1588 38
1589 50
1590 40
1591 41
1592 40
1593 37
1594 42
1595 45
1596 46
1597 44
1598 43
1599 38
1600 43
1601 47
1602 50
1603 65
1604 58
1605 43
1606 38
1607 59
1608 47
1609 38
1610 51
1611 50
1612 44
1613 54
1614 40
1615 41
1616 66
1617 78
1618 57
1619 42
1620 38
1621 38
1622 57
1623 46
1624 42
1625 47
1626 62
1627 54
1628 65
1629 54
1630 48
1631 47
1632 73
1633 49
1634 42
1635 56
1636 55
1637 41
1638 52
1639 52
1640 48
1641 40
1642 44
1643 46
1644 43
1645 43
1646 59
1647 48
1648 42
1649 58
1650 51
1651 43
1652 65
1653 40
1654 46
1655 62
1656 39
1657 44
1658 41
1659 57
1660 38
1661 77
1662 42
1663 57
1664 58
1665 40
1666 42
1667 55
1668 50
1669 42
1670 44
1671 47
1672 55
1673 42
1674 63
1675 48
1676 42
1677 49
